# unix_time, cycles_done, cur_path, paths_total, pending_total, pending_favs, map_size, unique_crashes, unique_hangs, max_depth, execs_per_sec
1541504174, 0, 0, 5, 5, 1, 0.22%, 0, 0, 1, 19.81
1541504179, 0, 3, 5, 5, 1, 0.22%, 0, 0, 1, 19.83
1541504235, 0, 4, 5, 4, 0, 0.22%, 0, 0, 1, 19.84
1541504290, 1, 0, 5, 3, 0, 0.22%, 0, 0, 1, 19.83
1541504346, 1, 1, 5, 2, 0, 0.22%, 0, 0, 1, 19.82
1541504401, 1, 2, 5, 1, 0, 0.22%, 0, 0, 1, 19.84
1541504457, 1, 3, 5, 0, 0, 0.22%, 0, 0, 1, 19.83
1541504482, 1, 4, 5, 0, 0, 0.22%, 0, 0, 1, 19.84
1541504507, 2, 0, 5, 0, 0, 0.22%, 0, 0, 1, 19.79
1541504532, 2, 1, 5, 0, 0, 0.22%, 0, 0, 1, 19.84
1541504558, 2, 2, 5, 0, 0, 0.22%, 0, 0, 1, 19.83
1541504583, 2, 3, 5, 0, 0, 0.22%, 0, 0, 1, 19.81
1541504608, 2, 4, 5, 0, 0, 0.22%, 0, 0, 1, 19.83
1541504633, 3, 0, 5, 0, 0, 0.22%, 0, 0, 1, 19.80
1541504659, 3, 1, 5, 0, 0, 0.22%, 0, 0, 1, 19.82
1541504684, 3, 2, 5, 0, 0, 0.22%, 0, 0, 1, 19.82
1541504709, 3, 3, 5, 0, 0, 0.22%, 0, 0, 1, 19.83
1541504734, 3, 4, 5, 0, 0, 0.22%, 0, 0, 1, 19.84
1541504759, 4, 0, 5, 0, 0, 0.22%, 0, 0, 1, 19.84
1541504785, 4, 1, 5, 0, 0, 0.22%, 0, 0, 1, 19.84
1541504810, 4, 2, 5, 0, 0, 0.22%, 0, 0, 1, 19.83
